40 30 10
0.29 0.44 0.73 0.8 0.24 0.71 0.56 0.4 0.7 0.02 0.42 0.41 0.06 0.26 0.96 0.05 0.43 0.55 0.8 0.56 0.99 0.09 0.61 0.34 0.27 0.18 0.45 0.77 0.92 0.11 
0.33 0.19 0.55 0.04 0.96 0.76 0.74 0.53 0.14 0.44 0.52 0.55 0.82 0.57 0.78 0.77 0.6 0.21 0.3 0.4 0.75 0.29 0.47 0.36 0.63 0.73 0.51 0.06 0.5 0.41 
0.16 0.82 0.6 0.7 0.84 0.54 0.44 0.58 0.05 0.57 0.01 0.55 0.1 0.82 0.12 0.88 0.57 0.69 0.07 0.87 0.08 0.79 0.16 0.54 0.15 0.76 0.25 0.66 0.81 0.74 
0.07 0.97 0.54 0.64 0.65 0.38 0.17 0.1 0.94 0.21 0.64 0.92 0.75 0.74 0.72 0.85 0.6 0.3 0.52 0.64 0.17 0.57 0.44 0.3 0.09 0.56 0.07 0.33 0.2 0.87 
0.05 0.25 0.82 0.59 0.88 0.48 0.94 0.03 0.55 0.86 0.22 0.17 0.78 0.94 0.88 0.51 0.77 0.48 0.78 0.3 0.11 0.94 0.84 0.54 0.22 0.93 0.1 0.28 0.26 0.3 
0.14 0.31 0.52 0.93 0.87 0.38 0.39 0.79 0.41 0.93 0.66 0.62 0.09 0.42 0.56 0.96 0.92 0.32 0.45 0.68 0.61 0.53 0.6 0.45 0.07 0.82 0.36 0.14 0.1 0.62 
0.41 0.21 0.9 0.92 0.15 0.75 0.31 0.53 0.54 0.71 0.45 0.2 0.31 0.53 0.6 0.84 0.49 0.52 0.16 0.91 0.21 0.74 0.44 0.8 0.18 0.48 0.6 0.53 0.62 0.68 
0.13 0.01 0.88 0.01 0.93 0.01 0.75 0.22 0.52 0.3 0.9 0.96 0.47 0.21 0.47 0.07 0.03 0.93 0.57 0.17 0.85 0.75 0.88 0.27 0.53 0.04 0.73 0.14 0.57 0.33 
0.81 0.67 0.33 0.67 0.68 0.24 0.68 0.41 0.45 0.2 0.7 0.35 0.14 0.16 0.53 0.6 0.22 0.54 0.53 0.76 0.7 0.36 0.51 0.56 0.61 0.03 0.6 0.34 0.16 0.15 
0.64 0.94 0.81 0.96 0.61 0.47 0.21 0.27 0.88 0.63 0.46 0.56 0.98 0.57 0.71 0.49 0.17 0.93 0.03 0.68 0.67 0.7 0.02 0.19 0.27 0.62 0.21 0.84 0.93 0.34 
0.98 0.57 0.28 0.79 0.52 0.86 0.25 0.7 0.14 0.13 0.33 0.57 0.68 0.29 0.13 0.4 0.78 0.27 0.31 0.78 0.94 0.97 0.47 0.94 0.14 0.71 0.54 0.32 0.55 0.48 
0.65 0.53 0.03 0.9 0.3 0.52 0.75 0.54 0.22 0.86 0.64 0.53 0.41 0.33 0.81 0.53 0.7 0.57 0.8 0.01 0.36 0.72 0.95 0.82 0.66 0.08 0.53 0.21 0.39 0.06 
0.66 0.03 0.58 0.66 0.9 0.85 0.19 0.65 0.4 0.38 0.51 0.02 0.9 0.9 0.34 0.72 0.43 0.02 0.29 0.23 0.99 0.62 0.95 0.95 0.42 0.59 0.03 0.92 0.77 0.39 
0.97 0.43 0.41 0.53 0.08 0.3 0.39 0.26 0.94 0.76 0.61 0.44 0.77 0.52 0.34 0.1 0.22 0.76 0.11 0.48 0.97 0.11 0.11 0.9 0.04 0.52 0.47 0.04 0.45 0.25 
0.42 0.4 0.67 0.81 0.93 0.74 0.11 0.32 0.97 0.03 0.06 0.59 0.46 0.82 0.09 0.77 0.89 0.3 0.52 0.01 0.77 0.49 0.09 0.85 0.37 0.12 0.36 0.83 0.15 0.78 
0.08 0.54 0.18 0.73 0.35 0.11 0.45 0.45 0.4 0.43 0.48 0.45 0.99 0.91 0.26 0.06 0.69 0.15 0.35 0.21 0.13 0.1 0.67 0.21 0.95 0.04 0.3 0.29 0.84 0.44 
0.07 0.92 0.98 0.24 0.63 0.31 0.33 0.08 0.76 0.72 0.48 0.22 0.16 0.47 0.13 0.39 0.52 0.79 0.51 0.84 0.99 0.64 0.94 0.64 0.82 0.87 0.67 0.13 0.16 0.52 
0.54 0.22 0.42 0.52 0.43 0.05 0.83 0.75 0.12 0.57 0.46 0.6 0.78 0.59 0.05 0.88 0.97 0.55 0.68 0.48 0.37 0.65 0.1 0.29 0.3 0.92 0.16 0.94 0.03 0.29 
0.44 0.56 0.48 0.83 0.07 0.89 0.87 0.87 0.64 0.97 0.42 0.08 0.55 0.18 0.66 0.57 0.06 0.61 0.1 0.71 0.08 0.47 0.35 0.17 0.75 0.64 0.07 0.89 0.56 0.09 
0.16 0.98 0.63 0.64 0.81 0.67 0.53 0.69 0.54 0.15 0.64 0.95 0.23 0.19 0.13 0.86 0.73 0.16 0.46 0.83 0.87 0.53 0.3 0.22 0.67 0.03 0.83 0.74 0.91 0.37 
0.8 0.08 0.35 0.41 0.69 0.17 0.08 0.2 0.83 0.59 0.34 0.47 0.52 0.54 0.63 0.62 0.39 0.34 0.78 0.84 0.17 0.63 0.35 0.44 0.82 0.02 0.45 0.63 0.73 0.36 
0.99 0.54 0.41 0.35 0.92 0.08 0.49 0.01 0.27 0.32 0.57 0.59 0.76 0.1 0.13 0.37 0.71 0.49 0.7 0.47 0.33 0.85 0.1 0.67 0.27 0.89 0.67 0.71 0.52 0.4 
0.06 0.5 0.93 0.44 0.82 0.84 0.52 0.31 0.84 0.76 0.6 0.39 0.35 0.34 0.48 0.46 0.68 0.2 0.94 0.36 0.64 0.26 0.21 0.74 0.9 0.48 0.61 0.57 0.17 0.14 
0.97 0.22 0.63 0.88 0.66 0.43 0.72 0.18 0.73 0.54 0.93 0.31 0.93 0.27 0.64 0.39 0.72 0.3 0.56 0.64 0.65 0.21 0.89 0.84 0.94 0.8 0.3 0.55 0.35 0.46 
0.66 0.3 0.68 0.27 0.19 0.34 0.69 0.88 0.49 0.4 0.41 0.4 0.7 0.32 0.66 0.32 0.7 0.36 0.61 0.27 0.01 0.27 0.47 0.87 0.11 0.39 0.65 0.4 0.91 0.01 
0.83 0.58 0.3 0.51 0.82 0.46 0.82 0.52 0.33 0.29 0.89 0.73 0.69 0.6 0.05 0.33 0.91 0.74 0.67 0.51 0.98 0.65 0.75 0.45 0.52 0.85 0.83 0.18 0.23 0.73 
0.16 0.06 0.31 0.43 0.55 0.11 0.89 0.37 0.6 0.22 0.66 0.5 0.92 0.33 0.1 0.94 0.63 0.98 0.68 0.3 0.47 0.67 0.94 0.22 0.1 0.45 0.07 0.91 0.62 0.27 
0.64 0.77 0.33 0.92 0.2 0.87 0.03 0.07 0.22 0.63 0.26 0.85 0.13 0.16 0.16 0.2 0.1 0.79 0.16 0.78 0.07 0.63 0.43 0.99 0.84 0.52 0.44 0.89 0.41 0.04 
0.16 0.05 0.78 0.46 0.96 0.95 0.31 0.99 0.01 0.53 0.6 0.26 0.38 0.72 0.42 0.54 0.89 0.49 0.31 0.05 0.27 0.35 0.67 0.67 0.34 0.52 0.18 0.75 0.41 0.58 
0.78 0.54 0.63 0.54 0.01 0.57 0.5 0.31 0.56 0.5 0.83 0.16 0.73 0.2 0.85 0.13 0.71 0.74 0.62 0.99 0.79 0.86 0.34 0.44 0.52 0.68 0.95 0.69 0.41 0.34 

0.25 0.18 0.88 0.85 0.71 0.86 0.43 0.19 0.17 0.98 0.66 0.98 0.13 0.4 0.16 0.95 0.5 0.86 0.7 0.1 0.85 0.47 0.96 0.19 0.9 0.46 0.84 0.84 0.15 0.26 

0.16 0.37 0.43 0.02 0.23 0.12 0.87 0.65 0.31 0.03 0.61 0.96 0.01 0.71 0.34 0.16 0.67 0.82 0.99 0.35 0.91 0.82 0.81 0.85 0.01 0.69 0.31 0.83 0.51 0.43 0.07 0.67 0.8 0.47 0.68 0.03 0.58 0.54 0.67 0.86 
0.56 0.26 0.81 0.56 0.97 0.15 0.69 0.64 0.94 0.66 0.98 0.86 0.48 0.77 0.69 0.48 0.44 0.01 0.29 0.95 0.43 0.35 0.6 0.21 0.81 0.26 0.23 0.38 0.79 0.87 0.24 0.35 0.14 0.05 0.88 0.09 0.18 0.55 0.72 0.12 
0.21 0.68 0.95 0.68 0.43 0.65 0.15 0.84 0.63 0.43 0.79 0.06 0.76 0.37 0.25 0.55 0.63 0.47 0.92 0.42 0.33 0.15 0.75 0.44 0.19 0.63 0.52 0.36 0.17 0.24 0.46 0.37 0.89 0.41 0.06 0.32 0.06 0.18 0.14 0.66 
0.6 0.93 0.7 0.34 0.28 0.94 0.89 0.9 0.39 0.79 0.31 0.71 0.93 0.06 0.15 0.11 0.66 0.66 0.44 0.82 0.87 0.89 0.18 0.76 0.31 0.21 0.06 0.34 0.38 0.2 0.01 0.95 0.11 0.7 0.3 0.36 0.62 0.17 0.27 0.01 
0.95 0.55 0.72 0.87 0.6 0.84 0.97 0.24 0.51 0.41 0.05 0.36 0.29 0.22 0.11 0.59 0.4 0.14 0.9 0.77 0.31 0.88 0.72 0.39 0.56 0.02 0.75 0.18 0.16 0.02 0.17 0.12 0.56 0.88 0.96 0.14 0.7 0.93 0.35 0.19 
0.32 0.39 0.55 0.6 0.58 0.65 0.17 0.97 0.76 0.06 0.72 0.08 0.93 0.45 0.46 0.48 0.44 0.21 0.63 0.6 0.2 0.79 0.69 0.75 0.65 0.65 0.86 0.36 0.56 0.22 0.54 0.85 0.58 0.07 0.46 0.15 0.69 0.6 0.1 0.46 
0.65 0.82 0.53 0.57 0.25 0.96 0.05 0.68 0.18 0.65 0.26 0.37 0.45 0.94 0.11 0.08 0.57 0.96 0.41 0.11 0.18 0.95 0.96 0.74 0.99 0.4 0.88 0.69 0.99 0.97 0.15 0.65 0.79 0.65 0.22 0.04 0.61 0.24 0.7 0.76 
0.88 0.95 0.14 0.31 0.88 0.22 0.39 0.43 0.18 0.77 0.54 0.34 0.72 0.48 0.08 0.7 0.87 0.93 0.39 0.84 0.9 0.51 0.49 0.68 0.14 0.68 0.69 0.74 0.91 0.37 0.49 0.78 0.31 0.6 0.09 0.19 0.81 0.45 0.61 0.98 
0.23 0.13 0.3 0.92 0.58 0.35 0.62 0.45 0.28 0.98 0.3 0.17 0.49 0.76 0.84 0.62 0.45 0.51 0.35 0.34 0.86 0.81 0.12 0.17 0.41 0.19 0.35 0.22 0.63 0.93 0.18 0.83 0.05 0.48 0.74 0.62 0.82 0.36 0.06 0.11 
0.33 0.33 0.25 0.79 0.09 0.07 0.4 0.51 0.57 0.74 0.85 0.43 0.53 0.96 0.59 0.93 0.15 0.91 0.15 0.76 0.83 0.3 0.59 0.87 0.77 0.33 0.49 0.58 0.67 0.52 0.66 0.99 0.84 0.9 0.76 0.93 0.96 0.16 0.42 0.51 
0.87 0.27 0.92 0.4 0.24 0.51 0.33 0.36 0.41 0.45 0.12 0.24 0.75 0.69 0.11 0.5 0.99 0.57 0.08 0.64 0.1 0.71 0.61 0.91 0.61 0.38 0.84 0.55 0.53 0.25 0.07 0.41 0.51 0.98 0.8 0.72 0.47 0.12 0.09 0.85 
0.56 0.18 0.09 0.29 0.84 0.17 0.79 0.84 0.74 0.84 0.48 0.81 0.56 0.1 0.72 0.15 0.47 0.55 0.68 0.99 0.79 0.74 0.38 0.3 0.7 0.19 0.01 0.15 0.3 0.09 0.01 0.83 0.24 0.09 0.11 0.09 0.26 0.89 0.92 0.97 
0.71 0.38 0.78 0.25 0.47 0.48 0.38 0.91 0.03 0.06 0.89 0.81 0.77 0.27 0.1 0.47 0.45 0.1 0.61 0.72 0.16 0.61 0.54 0.39 0.7 0.64 0.45 0.93 0.51 0.35 0.9 0.22 0.73 0.66 0.45 0.18 0.14 0.82 0.08 0.15 
0.85 0.96 0.95 0.62 0.23 0.03 0.09 0.66 0.1 0.67 0.36 0.23 0.27 0.89 0.6 0.94 0.53 0.05 0.87 0.04 0.4 0.75 0.24 0.11 0.41 0.66 0.28 0.52 0.46 0.35 0.66 0.31 0.29 0.6 0.92 0.52 0.6 0.98 0.16 0.7 
0.63 0.51 0.92 0.89 0.41 0.52 0.83 0.91 0.55 0.68 0.95 0.94 0.43 0.17 0.05 0.81 0.82 0.3 0.34 0.28 0.63 0.99 0.58 0.91 0.57 0.48 0.41 0.18 0.44 0.56 0.87 0.05 0.06 0.77 0.94 0.46 0.28 0.75 0.37 0.82 
0.44 0.3 0.74 0.86 0.46 0.76 0.66 0.28 0.06 0.99 0.53 0.66 0.96 0.09 0.56 0.52 0.56 0.96 0.69 0.97 0.51 0.54 0.03 0.56 0.31 0.94 0.02 0.56 0.67 0.36 0.38 0.11 0.64 0.1 0.95 0.1 0.85 0.61 0.36 0.89 
0.58 0.86 0.55 0.52 0.95 0.11 0.04 0.51 0.06 0.72 0.47 0.56 0.24 0.47 0.1 0.53 0.39 0.09 0.09 0.06 0.44 0.45 0.17 0.08 0.54 0.1 0.16 0.4 0.68 0.49 0.29 0.26 0.35 0.81 0.75 0.3 0.92 0.79 0.79 0.95 
0.49 0.24 0.49 0.73 0.7 0.58 0.26 0.09 0.66 0.32 0.12 0.08 0.76 0.26 0.16 0.31 0.35 0.29 0.7 0.03 0.75 0.98 0.26 0.1 0.79 0.99 0.38 0.69 0.76 0.15 0.62 0.25 0.38 0.11 0.95 0.08 0.68 0.19 0.14 0.34 
0.51 0.23 0.42 0.27 0.49 0.55 0.57 0.83 0.81 0.25 0.84 0.56 0.21 0.08 0.63 0.98 0.05 0.01 0.67 0.8 0.15 0.28 0.04 0.5 0.38 0.98 0.55 0.05 0.16 0.68 0.36 0.66 0.91 0.75 0.9 0.38 0.3 0.46 0.19 0.09 
0.7 0.03 0.62 0.91 0.09 0.26 0.89 0.13 0.24 0.54 0.91 0.37 0.79 0.94 0.86 0.18 0.9 0.42 0.2 0.06 0.08 0.55 0.69 0.96 0.31 0.6 0.34 0.58 0.04 0.53 0.65 0.71 0.53 0.27 0.62 0.59 0.52 0.49 0.72 0.76 
0.02 0.63 0.11 0.78 0.55 0.96 0.93 0.45 0.36 0.13 0.51 0.44 0.68 0.2 0.38 0.96 0.77 0.72 0.54 0.8 0.23 0.19 0.52 0.75 0.44 0.12 0.35 0.95 0.59 0.05 0.69 0.58 0.65 0.79 0.36 0.2 0.74 0.3 0.64 0.1 
0.4 0.13 0.51 0.08 0.31 0.89 0.02 0.08 0.59 0.54 0.86 0.81 0.7 0.36 0.54 0.14 0.45 0.86 0.1 0.04 0.88 0.76 0.59 0.53 0.54 0.93 0.7 0.26 0.21 0.33 0.33 0.6 0.45 0.84 0.66 0.75 0.71 0.67 0.81 0.3 
0.21 0.67 0.09 0.91 0.03 0.6 0.05 0.47 0.47 0.12 0.49 0.35 0.86 0.06 0.86 0.4 0.98 0.56 0.63 0.19 0.86 0.95 0.79 0.32 0.77 0.43 0.05 0.48 0.1 0.85 0.75 0.31 0.5 0.81 0.2 0.52 0.42 0.24 0.97 0.88 
0.34 0.44 0.21 0.2 0.49 0.07 0.57 0.46 0.61 0.2 0.62 0.47 0.15 0.41 0.76 0.92 0.81 0.79 0.38 0.91 0.64 0.14 0.2 0.15 0.94 0.39 0.64 0.34 0.6 0.59 0.22 0.93 0.03 0.41 0.11 0.5 0.47 0.67 0.95 0.06 
0.84 0.57 0.51 0.99 0.96 0.25 0.89 0.77 0.04 0.25 0.66 0.68 0.36 0.85 0.8 0.29 0.24 0.44 0.62 0.84 0.02 0.82 0.75 0.04 0.23 0.86 0.51 0.67 0.53 0.44 0.73 0.38 0.02 0.22 0.35 0.95 0.46 0.22 0.7 0.48 
0.46 0.37 0.14 0.8 0.22 0.93 0.09 0.44 0.35 0.7 0.28 0.34 0.52 0.03 0.38 0.74 0.88 0.86 0.42 0.4 0.31 0.13 0.75 0.3 0.32 0.1 0.25 0.75 0.29 0.92 0.23 0.72 0.29 0.36 0.52 0.49 0.27 0.6 0.92 0.6 
0.31 0.2 0.93 0.8 0.2 0.29 0.55 0.07 0.16 0.94 0.46 0.44 0.05 0.21 0.73 0.36 0.28 0.97 0.11 0.54 0.89 0.32 0.26 0.17 0.65 0.78 0.65 0.9 0.38 0.57 0.48 0.66 0.74 0.39 0.47 0.93 0.68 0.99 0.97 0.81 
0.93 0.43 0.23 0.97 0.61 0.95 0.31 0.86 0.9 0.41 0.4 0.77 0.7 0.66 0.93 0.36 0.42 0.56 0.26 0.79 0.13 0.73 0.46 0.84 0.12 0.9 0.78 0.77 0.89 0.73 0.56 0.82 0.17 0.78 0.77 0.75 0.73 0.08 0.6 0.61 
0.46 0.99 0.39 0.17 0.63 0.32 0.5 0.05 0.88 0.75 0.82 0.98 0.46 0.26 0.83 0.57 0.16 0.59 0.33 0.05 0.32 0.86 0.84 0.46 0.65 0.61 0.22 0.36 0.66 0.79 0.97 0.12 0.78 0.36 0.26 0.4 0.65 0.75 0.42 0.53 
0.48 0.24 0.5 0.93 0.49 0.33 0.49 0.64 0.89 0.79 0.66 0.19 0.65 0.5 0.65 0.3 0.11 0.84 0.64 0.74 0.63 0.61 0.84 0.39 0.94 0.1 0.76 0.59 0.83 0.19 0.11 0.29 0.4 0.6 0.23 0.89 0.9 0.69 0.51 0.79 

25 32 9 27 27 16 38 1 22 0 
